Weights: 
0.9737201 -0.1181289 -0.7780614 0.5504656 -0.1972054 -0.08262479 -0.9945154 0.4975879 -0.39895 -0.6184442 
-0.4603938 0.4457383 -0.4337176 0.05223119 -0.4704555 0.4902179 -0.3912956 0.8494565 0.1371912 -0.1658806 
-0.5769899 -0.7711759 -0.1175627 0.7119825 0.01197994 0.5187883 0.5854559 -0.3052598 -0.3286575 -0.1073731 
-0.4895612 0.5100684 0.8809547 -0.03723633 0.2418708 0.4177725 -0.2056307 -0.3551031 0.5675781 0.7502818 
-0.9557114 0.5997639 0.09157503 0.08494651 0.4924798 0.4958365 0.14265 -0.7039664 0.6535969 -0.5987973 


-0.2865032 0.576405 -0.1195904 -0.3594927 0.9571171 -0.238135 -0.7736919 0.8096695 -0.08849514 0.9609928 
0.9843774 -0.5879462 0.9029231 -0.2482313 -0.09020746 -0.5448661 -0.5056109 -0.9180603 -0.9038718 -0.8705268 
-0.885385 0.4850969 -0.1454986 0.1780368 -0.6601055 -0.8620605 -0.1411933 -0.9563825 0.1756734 0.2152447 
-0.6218927 0.5115354 0.5067542 -0.08199012 0.7456398 0.396841 0.02921236 -0.9100995 -0.4273895 0.468811 
-0.2804164 -0.208392 -0.4267524 -0.08548677 0.9310932 0.9609039 -0.7610712 0.7309189 0.1199259 0.5839348 
0.4551322 -0.9017911 -0.8554764 -0.873879 0.7420375 0.1333064 -0.9561563 -0.2383429 -0.5460637 0.7147048 
-0.8259101 0.5186138 0.8829505 0.68573 0.7988806 0.3949961 0.4413991 0.1213552 -0.4555157 0.1250776 
-0.4917074 -0.1417726 -0.6022456 0.141817 0.1628636 0.1379267 -0.5396483 -0.1940919 0.6022496 -0.9088204 
0.4018931 -0.8137195 -0.557678 -0.2088863 -0.0865804 -0.3622307 -0.4458727 -0.9809334 0.4920728 0.4637122 
0.3960643 -0.926868 -0.8578365 -0.3647147 -0.6166923 -0.05718863 0.5347066 -0.8373125 0.8562248 -0.4805332 


-0.1135932 -0.9786084 
-0.2873224 -0.2665616 
0.6051762 -0.9249339 
-0.9594243 -0.3680183 
0.8095548 0.9920027 
-0.4774524 0.3473324 
-0.2875715 0.03331268 
0.8311479 -0.5380754 
-0.2419802 -0.1609215 
-0.4956397 0.9801445 


Biases: 
0.01982558 0.3241033 -0.02096283 

